45n_35n_90e_100e 
shape:[10m U, 10m V, 100m U, 100m V]
Mean: [ 0.7345842  -0.43463707  1.1391846  -0.6816021 ]
Std:  [3.0660794 2.310419  4.3990326 3.0599105]

47n_37n_105e_115e
shape:[10m U, 10m V, 100m U, 100m V]
Mean: [ 1.3263439e+00  1.1202794e-02  2.1864567e+00 -5.7463534e-04]
Std:  [2.931174  2.9239995 4.51111   4.4679623]

33n_23n_117e_127e
shape:[10m U, 10m V, 100m U, 100m V]
Mean: [-1.4389178 -1.2937573 -1.723236  -1.3346194]
Std:  [3.5841947 5.0459547 4.3886046 6.0987883]

54n_38n_116e_136e
shape:[100m U, 100m V]
Mean: [1.798767611343132  -0.22582199192293773]
Std:  [4.007460181519746  4.547199114786244]
